# Node ID Renaming File
# Format: new_id old_id (space-separated)
# Generated from images_old/renaming.txt

315381784977916 834015571448095
445002208386689 481975194346094
481975194346094 699640395608443
491382093335200 768448675499847
699640395608443 1011462350547959
768448675499847 445002208386689
816902583440742 1385209112077697
834015571448095 1156350815484235
839000508136004 880305470589633
872099164945506 2156878238001531
880305470589633 491382093335200
1011462350547959 839000508136004
1127332615047133 1881196635657529
1156350815484235 1127332615047133
1229410868329452 1646185212804555
1385209112077697 1229410868329452
1646185212804555 1846641372529002
1846641372529002 872099164945506
1881196635657529 315381784977916
2156878238001531 816902583440742
